100 20
96.00 27.00 0
11.00 45.00 1
42.00 17.00 2
76.00 35.00 3
95.00 13.00 4
18.00 42.00 5
78.00 92.00 6
35.00 29.00 7
50.00 29.00 8
90.00 32.00 9
25.00 66.00 10
19.00 78.00 11
71.00 99.00 12
79.00 83.00 13
30.00 34.00 14
62.00 26.00 15
13.00 26.00 16
71.00 56.00 17
43.00 99.00 18
91.00 38.00 19
65.00 61.00 17
32.00 43.00 14
5.00 67.00 11
72.00 7.00 15
48.00 14.00 2
39.00 73.00 10
32.00 10.00 2
4.00 4.00 16
10.00 83.00 11
39.00 40.00 14
69.00 2.00 15
18.00 83.00 11
28.00 41.00 14
39.00 23.00 2
92.00 82.00 13
13.00 57.00 1
43.00 45.00 8
52.00 0.00 2
64.00 76.00 13
7.00 12.00 16
91.00 46.00 19
86.00 75.00 13
57.00 90.00 12
79.00 19.00 3
25.00 19.00 7
59.00 94.00 12
73.00 29.00 3
77.00 53.00 17
70.00 68.00 17
76.00 62.00 17
50.00 89.00 18
72.00 45.00 3
86.00 24.00 9
45.00 50.00 8
1.00 52.00 1
14.00 92.00 11
51.00 0.00 2
19.00 8.00 16
42.00 99.00 18
79.00 67.00 17
70.00 38.00 3
14.00 43.00 1
67.00 91.00 12
96.00 37.00 19
12.00 24.00 16
51.00 62.00 17
65.00 23.00 15
8.00 3.00 16
48.00 53.00 17
5.00 49.00 1
6.00 19.00 16
93.00 57.00 19
72.00 12.00 15
17.00 14.00 16
63.00 96.00 12
34.00 85.00 11
86.00 48.00 19
28.00 5.00 2
91.00 76.00 13
94.00 3.00 4
52.00 45.00 8
66.00 17.00 15
21.00 26.00 16
20.00 69.00 10
79.00 77.00 13
70.00 37.00 3
97.00 15.00 4
46.00 69.00 10
79.00 15.00 4
35.00 43.00 14
11.00 69.00 11
28.00 49.00 5
69.00 9.00 15
54.00 61.00 17
37.00 48.00 14
64.00 90.00 12
46.00 82.00 18
59.00 67.00 17
8.00 32.00 16
88.00 40.00 19
