100 50
52.00 71.00 0
4.00 46.00 1
89.00 23.00 2
82.00 9.00 3
56.00 41.00 4
55.00 21.00 5
37.00 22.00 6
85.00 4.00 7
38.00 37.00 8
66.00 5.00 9
20.00 80.00 10
25.00 47.00 11
10.00 7.00 12
15.00 55.00 13
29.00 73.00 14
37.00 82.00 15
97.00 93.00 16
80.00 86.00 17
68.00 62.00 18
95.00 76.00 19
56.00 2.00 20
97.00 45.00 21
76.00 34.00 22
50.00 14.00 23
24.00 68.00 24
19.00 44.00 25
0.00 96.00 26
92.00 10.00 27
55.00 59.00 28
66.00 85.00 29
85.00 55.00 30
19.00 82.00 31
1.00 51.00 32
68.00 69.00 33
66.00 15.00 34
46.00 22.00 35
17.00 95.00 36
19.00 93.00 37
82.00 21.00 38
59.00 6.00 39
89.00 30.00 40
2.00 90.00 41
26.00 46.00 42
52.00 34.00 43
58.00 70.00 44
19.00 43.00 45
26.00 90.00 46
25.00 27.00 47
41.00 45.00 48
48.00 7.00 49
12.00 46.00 25
81.00 29.00 22
42.00 53.00 48
74.00 76.00 33
74.00 85.00 17
34.00 16.00 6
15.00 88.00 37
58.00 93.00 29
35.00 10.00 6
27.00 93.00 46
81.00 98.00 17
36.00 59.00 24
88.00 13.00 27
86.00 82.00 17
58.00 86.00 29
41.00 70.00 0
33.00 75.00 14
51.00 27.00 5
28.00 77.00 14
3.00 2.00 12
62.00 89.00 29
18.00 77.00 10
77.00 76.00 17
22.00 12.00 12
39.00 50.00 48
57.00 20.00 5
0.00 93.00 26
31.00 89.00 46
6.00 17.00 12
23.00 16.00 47
55.00 64.00 28
86.00 88.00 17
39.00 89.00 15
67.00 67.00 33
66.00 22.00 34
22.00 28.00 47
11.00 92.00 36
57.00 41.00 4
21.00 32.00 47
53.00 60.00 28
82.00 63.00 30
32.00 34.00 8
56.00 63.00 28
75.00 15.00 3
32.00 98.00 46
83.00 87.00 17
15.00 22.00 47
28.00 6.00 6
11.00 95.00 36
26.00 78.00 10
