250 50
52.00 66.00 0
3.00 76.00 1
5.00 56.00 2
15.00 8.00 3
11.00 3.00 4
99.00 46.00 5
67.00 0.00 6
59.00 25.00 7
97.00 95.00 8
61.00 90.00 9
0.00 74.00 10
66.00 53.00 11
88.00 65.00 12
84.00 76.00 13
36.00 83.00 14
30.00 89.00 15
2.00 34.00 16
17.00 7.00 17
90.00 32.00 18
67.00 53.00 19
87.00 66.00 20
0.00 7.00 21
19.00 59.00 22
32.00 68.00 23
6.00 45.00 24
58.00 6.00 25
19.00 24.00 26
11.00 59.00 27
41.00 48.00 28
35.00 29.00 29
31.00 18.00 30
18.00 85.00 31
52.00 88.00 32
93.00 94.00 33
72.00 60.00 34
99.00 12.00 35
79.00 99.00 36
19.00 50.00 37
10.00 3.00 38
18.00 16.00 39
48.00 28.00 40
23.00 19.00 41
4.00 86.00 42
78.00 45.00 43
34.00 66.00 44
74.00 18.00 45
84.00 45.00 46
3.00 88.00 47
85.00 48.00 48
34.00 9.00 49
9.00 33.00 16
21.00 40.00 37
33.00 92.00 15
90.00 43.00 46
95.00 8.00 35
12.00 43.00 24
36.00 87.00 14
62.00 92.00 9
73.00 41.00 43
37.00 8.00 49
59.00 63.00 0
26.00 43.00 37
8.00 81.00 42
83.00 45.00 46
30.00 17.00 30
55.00 91.00 32
50.00 28.00 40
31.00 35.00 29
21.00 21.00 41
31.00 16.00 30
81.00 43.00 43
12.00 69.00 27
30.00 26.00 29
61.00 55.00 11
63.00 78.00 9
13.00 41.00 24
73.00 74.00 13
23.00 56.00 22
19.00 53.00 37
73.00 26.00 45
96.00 76.00 13
55.00 27.00 7
63.00 76.00 9
0.00 94.00 47
44.00 33.00 40
54.00 19.00 7
35.00 15.00 30
75.00 6.00 6
17.00 90.00 31
85.00 30.00 18
84.00 58.00 12
56.00 59.00 0
67.00 28.00 7
64.00 92.00 9
54.00 60.00 0
68.00 9.00 6
87.00 32.00 18
37.00 39.00 28
78.00 34.00 43
72.00 68.00 34
42.00 26.00 40
87.00 29.00 18
93.00 14.00 35
36.00 10.00 49
57.00 73.00 0
92.00 41.00 5
83.00 49.00 48
0.00 50.00 2
29.00 64.00 23
95.00 83.00 33
24.00 63.00 22
45.00 63.00 0
47.00 34.00 40
54.00 26.00 7
68.00 26.00 7
94.00 63.00 12
4.00 33.00 16
44.00 49.00 28
48.00 32.00 40
11.00 57.00 27
5.00 3.00 38
98.00 41.00 5
4.00 50.00 24
43.00 33.00 40
14.00 38.00 24
54.00 14.00 25
5.00 53.00 2
48.00 59.00 0
79.00 17.00 45
37.00 25.00 29
32.00 41.00 28
59.00 76.00 0
42.00 59.00 28
9.00 53.00 2
16.00 66.00 22
56.00 66.00 0
7.00 61.00 27
16.00 3.00 17
46.00 82.00 32
41.00 15.00 49
24.00 47.00 37
29.00 29.00 29
1.00 78.00 1
40.00 80.00 14
47.00 77.00 0
58.00 79.00 9
70.00 69.00 34
55.00 12.00 25
28.00 16.00 30
65.00 96.00 9
83.00 73.00 13
14.00 90.00 31
86.00 82.00 13
45.00 33.00 40
64.00 87.00 9
0.00 40.00 16
86.00 30.00 18
21.00 87.00 31
60.00 61.00 0
20.00 7.00 17
90.00 78.00 13
86.00 12.00 35
47.00 93.00 32
24.00 27.00 26
10.00 41.00 24
75.00 93.00 36
66.00 89.00 9
35.00 5.00 49
23.00 81.00 31
38.00 87.00 14
20.00 38.00 37
79.00 6.00 6
20.00 0.00 17
94.00 80.00 13
13.00 66.00 27
87.00 55.00 48
44.00 25.00 40
67.00 43.00 11
71.00 43.00 43
70.00 33.00 7
36.00 97.00 15
26.00 2.00 17
86.00 13.00 35
7.00 9.00 4
46.00 97.00 32
48.00 18.00 40
88.00 79.00 13
25.00 8.00 17
31.00 71.00 23
41.00 44.00 28
37.00 28.00 29
51.00 33.00 40
6.00 18.00 39
76.00 77.00 13
61.00 98.00 9
10.00 49.00 24
95.00 88.00 33
53.00 11.00 25
42.00 52.00 28
60.00 42.00 11
70.00 48.00 11
21.00 47.00 37
9.00 52.00 2
18.00 50.00 37
48.00 7.00 25
30.00 99.00 15
92.00 88.00 33
69.00 68.00 34
17.00 30.00 26
18.00 79.00 31
31.00 13.00 30
19.00 34.00 26
46.00 73.00 0
45.00 40.00 28
25.00 6.00 17
82.00 47.00 46
6.00 55.00 2
95.00 67.00 12
59.00 65.00 0
73.00 0.00 6
58.00 17.00 7
40.00 27.00 29
38.00 58.00 44
9.00 56.00 2
37.00 40.00 28
70.00 9.00 6
75.00 68.00 34
34.00 72.00 23
9.00 59.00 27
30.00 43.00 28
6.00 37.00 16
99.00 53.00 5
4.00 10.00 21
19.00 74.00 31
70.00 44.00 43
26.00 28.00 26
61.00 66.00 0
56.00 99.00 9
24.00 17.00 41
8.00 14.00 3
10.00 78.00 1
23.00 85.00 31
98.00 9.00 35
9.00 7.00 4
68.00 40.00 43
51.00 26.00 40
77.00 2.00 6
80.00 33.00 18
12.00 51.00 37
7.00 82.00 42
