100 100
42.00 20.00 0
43.00 99.00 1
79.00 2.00 2
54.00 38.00 3
13.00 52.00 4
74.00 49.00 5
79.00 21.00 6
0.00 33.00 7
76.00 26.00 8
66.00 37.00 9
32.00 11.00 10
56.00 84.00 11
20.00 20.00 12
33.00 55.00 13
46.00 95.00 14
72.00 40.00 15
16.00 67.00 16
39.00 47.00 17
69.00 45.00 18
85.00 34.00 19
49.00 11.00 20
36.00 28.00 21
32.00 88.00 22
14.00 60.00 23
14.00 80.00 24
98.00 46.00 25
92.00 54.00 26
82.00 64.00 27
74.00 68.00 28
71.00 72.00 29
63.00 44.00 30
12.00 31.00 31
63.00 3.00 32
79.00 85.00 33
48.00 16.00 34
71.00 97.00 35
28.00 7.00 36
26.00 60.00 37
47.00 40.00 38
73.00 61.00 39
72.00 71.00 40
59.00 16.00 41
25.00 42.00 42
81.00 51.00 43
10.00 52.00 44
23.00 25.00 45
48.00 87.00 46
57.00 64.00 47
90.00 88.00 48
49.00 38.00 49
4.00 20.00 50
87.00 84.00 51
80.00 65.00 52
97.00 27.00 53
5.00 70.00 54
41.00 78.00 55
93.00 0.00 56
46.00 18.00 57
94.00 27.00 58
69.00 56.00 59
32.00 44.00 60
82.00 32.00 61
31.00 91.00 62
96.00 73.00 63
79.00 45.00 64
11.00 35.00 65
18.00 50.00 66
72.00 98.00 67
16.00 69.00 68
77.00 21.00 69
91.00 18.00 70
51.00 84.00 71
71.00 98.00 72
54.00 65.00 73
77.00 75.00 74
74.00 61.00 75
19.00 56.00 76
94.00 50.00 77
99.00 90.00 78
23.00 30.00 79
88.00 86.00 80
17.00 6.00 81
88.00 89.00 82
56.00 4.00 83
10.00 33.00 84
78.00 53.00 85
4.00 81.00 86
37.00 75.00 87
31.00 43.00 88
92.00 9.00 89
18.00 66.00 90
70.00 37.00 91
74.00 64.00 92
39.00 73.00 93
7.00 14.00 94
55.00 95.00 95
52.00 73.00 96
1.00 41.00 97
14.00 9.00 98
45.00 77.00 99
