100 10
83.00 34.00 0
84.00 64.00 1
77.00 65.00 2
54.00 15.00 3
46.00 4.00 4
20.00 18.00 5
73.00 40.00 6
88.00 70.00 7
95.00 17.00 8
38.00 55.00 9
89.00 75.00 7
7.00 0.00 5
58.00 61.00 2
32.00 53.00 9
63.00 83.00 2
84.00 98.00 7
17.00 68.00 9
63.00 47.00 6
86.00 69.00 7
62.00 32.00 6
26.00 34.00 5
2.00 99.00 9
74.00 42.00 6
21.00 69.00 9
59.00 59.00 2
24.00 48.00 9
86.00 84.00 7
48.00 45.00 9
45.00 81.00 9
50.00 8.00 4
16.00 35.00 5
6.00 86.00 9
55.00 21.00 3
85.00 41.00 0
43.00 47.00 9
73.00 69.00 2
82.00 75.00 7
68.00 8.00 3
17.00 41.00 5
30.00 29.00 5
1.00 6.00 5
77.00 39.00 6
90.00 78.00 7
84.00 35.00 0
11.00 35.00 5
95.00 27.00 8
70.00 54.00 2
65.00 77.00 2
27.00 50.00 9
19.00 70.00 9
50.00 44.00 9
39.00 84.00 9
20.00 59.00 9
92.00 89.00 7
1.00 22.00 5
29.00 48.00 9
93.00 19.00 8
78.00 30.00 0
7.00 89.00 9
65.00 2.00 3
16.00 87.00 9
8.00 34.00 5
64.00 36.00 6
6.00 34.00 5
80.00 98.00 7
70.00 52.00 6
9.00 63.00 9
93.00 62.00 1
37.00 64.00 9
68.00 18.00 3
64.00 62.00 2
90.00 42.00 0
44.00 97.00 9
31.00 61.00 9
51.00 99.00 2
48.00 60.00 9
33.00 64.00 9
96.00 18.00 8
52.00 54.00 9
4.00 32.00 5
4.00 27.00 5
84.00 14.00 8
90.00 77.00 7
76.00 79.00 2
93.00 45.00 0
98.00 57.00 1
59.00 88.00 2
99.00 55.00 1
37.00 30.00 5
16.00 88.00 9
30.00 16.00 5
48.00 15.00 3
32.00 44.00 9
85.00 84.00 7
51.00 42.00 9
16.00 55.00 9
69.00 52.00 6
21.00 11.00 5
82.00 50.00 6
90.00 75.00 7
